%YAML:1.0
calibration_time: "11/16/11 09:58:52"
nframes: 10
image_width: 640
image_height: 480
board_width: 9
board_height: 6
square_size: 2.5000000372529030e-002
flags: 0
camera_matrix: !!opencv-matrix
   rows: 3
   cols: 3
   dt: d
   data: [ 7.8290109647392421e+002, 0., 2.6628369601278456e+002, 0.,
       7.8653150428245760e+002, 3.0683131903388414e+002, 0., 0., 1. ]
distortion_coefficients: !!opencv-matrix
   rows: 5
   cols: 1
   dt: d
   data: [ -2.3974553627668055e-001, 2.2308873921689919e-002,
       4.2113776775490927e-002, -3.5508879349611770e-002,
       2.0443615689686183e+001 ]
avg_reprojection_error: 1.4022240551643916e+000
per_view_reprojection_errors: !!opencv-matrix
   rows: 10
   cols: 1
   dt: f
   data: [ 8.17619860e-001, 8.28921080e-001, 9.13276374e-001,
       1.09836984e+000, 1.40956700e+000, 2.06854653e+000,
       1.65759552e+000, 1.69467723e+000, 1.54553926e+000,
       1.41145694e+000 ]
# a set of 6-tuples (rotation vector + translation vector) for each view
extrinsic_parameters: !!opencv-matrix
   rows: 10
   cols: 6
   dt: d
   data: [ 1.0539514308954601e-001, 7.1663947352316806e-002,
       3.1280850043234825e+000, 8.9257704339967964e-002,
       4.4192024258218214e-002, 4.7463351249908725e-001,
       -1.3179211017230996e-001, -4.5036407414421331e-002,
       -3.1191744140657049e+000, 8.9543797822932675e-002,
       5.1836412685516114e-002, 4.6896849443465399e-001,
       3.5500911515588783e-002, -7.4925323002722546e-002,
       -2.8026177501033729e+000, 7.3021767463356327e-002,
       7.0850826573855122e-002, 4.8016095576050982e-001,
       1.5707741623697993e-001, -1.4662758403706563e-001,
       -2.4299248785964633e+000, 4.3568645575233378e-002,
       8.0083765816082855e-002, 4.8116279750082763e-001,
       -2.7035364549107849e-002, -3.7356501327791419e-001,
       -2.1507037789558869e+000, 4.5687932422271140e-003,
       9.0112248420758087e-002, 4.4107436155999086e-001,
       -2.0694746784582868e-001, -6.6273690220859205e-001,
       -2.0387705780418512e+000, -2.4053313842809260e-002,
       7.1648215390913275e-002, 4.2546487308749603e-001,
       -1.8713816591261545e-001, -5.7327696073697487e-001,
       -2.4864421276964648e+000, 1.2164676227155492e-002,
       6.7017898728268521e-002, 4.3232852254619381e-001,
       -1.3232332227028290e-001, 7.8509653901603982e-001,
       2.9778366086671122e+000, 1.1314460121392386e-001,
       2.4488886606801819e-002, 4.6742317529918331e-001,
       -3.8127019864318534e-001, 6.7940498242364533e-001,
       2.5987592495451093e+000, 1.2053247534759680e-001,
       1.0515502983526166e-002, 5.0242997410242252e-001,
       -2.7177663117650958e-001, 1.3241313311707581e+000,
       2.5058168624466344e+000, 7.8098804470140254e-002,
       -2.3149545123079296e-004, 5.0060823728096504e-001 ]
image_points: !!opencv-matrix
   rows: 10
   cols: 54
   dt: "2f"
   data: [ 4.11425507e+002, 3.79531860e+002, 3.70662842e+002,
       3.80006165e+002, 3.30310669e+002, 3.80505951e+002,
       2.89487396e+002, 3.81231140e+002, 2.48631424e+002,
       3.81713531e+002, 2.08150162e+002, 3.82449860e+002,
       1.66475998e+002, 3.82675568e+002, 1.24965828e+002,
       3.83334351e+002, 8.27178574e+001, 3.83312897e+002,
       4.09708771e+002, 3.38525482e+002, 3.69621918e+002,
       3.38848053e+002, 3.29467560e+002, 3.39567078e+002,
       2.88872253e+002, 3.40262115e+002, 2.48566711e+002,
       3.40712097e+002, 2.08445175e+002, 3.41537567e+002,
       1.68143021e+002, 3.42361298e+002, 1.27416649e+002,
       3.42806610e+002, 8.66659851e+001, 3.43550415e+002,
       4.08321014e+002, 2.97886108e+002, 3.68474518e+002,
       2.98485809e+002, 3.28493225e+002, 2.99139160e+002,
       2.88311584e+002, 2.99566681e+002, 2.48347137e+002,
       3.00363251e+002, 2.08252350e+002, 3.01048096e+002,
       1.68241592e+002, 3.01742706e+002, 1.28186249e+002,
       3.02426971e+002, 8.81808472e+001, 3.03453796e+002,
       4.06411560e+002, 2.58291077e+002, 3.67351654e+002,
       2.58478455e+002, 3.27635437e+002, 2.59030609e+002,
       2.87653442e+002, 2.59555969e+002, 2.47767822e+002,
       2.60237976e+002, 2.07840820e+002, 2.60700897e+002,
       1.67625717e+002, 2.61608459e+002, 1.27772255e+002,
       2.62226563e+002, 8.80090332e+001, 2.63296448e+002,
       4.04704834e+002, 2.19515091e+002, 3.65890045e+002,
       2.19486847e+002, 3.26649261e+002, 2.19937119e+002,
       2.87258301e+002, 2.20371277e+002, 2.47562897e+002,
       2.20680435e+002, 2.07673141e+002, 2.21414627e+002,
       1.67670502e+002, 2.22176422e+002, 1.27854134e+002,
       2.22716934e+002, 8.81643372e+001, 2.23646103e+002,
       4.03511749e+002, 1.81253036e+002, 3.64905029e+002,
       1.81365082e+002, 3.26000427e+002, 1.81501602e+002,
       2.86622009e+002, 1.81854507e+002, 2.47372940e+002,
       1.82313126e+002, 2.07711060e+002, 1.82578278e+002,
       1.67792419e+002, 1.83309296e+002, 1.28290314e+002,
       1.83729034e+002, 8.83921661e+001, 1.84519623e+002,
       4.13552673e+002, 3.93511902e+002, 3.72479279e+002,
       3.92612091e+002, 3.31577423e+002, 3.91754822e+002,
       2.90417511e+002, 3.90915039e+002, 2.49455551e+002,
       3.90329285e+002, 2.08265259e+002, 3.89552307e+002,
       1.66578934e+002, 3.88461945e+002, 1.24693604e+002,
       3.87579956e+002, 8.26130676e+001, 3.86053253e+002,
       4.13544769e+002, 3.51687622e+002, 3.72744476e+002,
       3.50939667e+002, 3.32087128e+002, 3.50338989e+002,
       2.91305908e+002, 3.49494019e+002, 2.50448563e+002,
       3.48658875e+002, 2.10089996e+002, 3.47983704e+002,
       1.69444473e+002, 3.47513824e+002, 1.28750885e+002,
       3.46758728e+002, 8.78798065e+001, 3.46171448e+002,
       4.12670807e+002, 3.10501282e+002, 3.72876740e+002,
       3.09571777e+002, 3.32366638e+002, 3.08998047e+002,
       2.91599792e+002, 3.08473846e+002, 2.51339310e+002,
       3.07715942e+002, 2.10801483e+002, 3.07389191e+002,
       1.70489944e+002, 3.06526184e+002, 1.30468933e+002,
       3.06245880e+002, 9.05317535e+001, 3.05660370e+002,
       4.12150177e+002, 2.70292175e+002, 3.72821655e+002,
       2.68676880e+002, 3.32620880e+002, 2.68156281e+002,
       2.92344788e+002, 2.67503113e+002, 2.51950974e+002,
       2.66906128e+002, 2.11697754e+002, 2.66495758e+002,
       1.71315475e+002, 2.65930115e+002, 1.31406311e+002,
       2.65612427e+002, 9.15263214e+001, 2.65192719e+002,
       4.11614349e+002, 2.30557266e+002, 3.72882294e+002,
       2.28927200e+002, 3.33294128e+002, 2.28187927e+002,
       2.92776703e+002, 2.27545883e+002, 2.52803528e+002,
       2.26992065e+002, 2.12545563e+002, 2.26389236e+002,
       1.72461914e+002, 2.25820282e+002, 1.32288879e+002,
       2.25516708e+002, 9.24843826e+001, 2.25062210e+002,
       4.12002350e+002, 1.91244720e+002, 3.73019806e+002,
       1.89759430e+002, 3.33508087e+002, 1.89067932e+002,
       2.93522583e+002, 1.88379288e+002, 2.53654617e+002,
       1.87640732e+002, 2.13756210e+002, 1.87159622e+002,
       1.73659943e+002, 1.86528549e+002, 1.33695648e+002,
       1.86179764e+002, 9.40502777e+001, 1.85787582e+002,
       3.83940948e+002, 4.24546082e+002, 3.47115570e+002,
       4.10896973e+002, 3.08750732e+002, 3.97264130e+002,
       2.69654297e+002, 3.83352112e+002, 2.30622131e+002,
       3.69644714e+002, 1.91604691e+002, 3.55809204e+002,
       1.51989090e+002, 3.41715607e+002, 1.12326668e+002,
       3.27656677e+002, 7.22413177e+001, 3.13284424e+002,
       3.95575104e+002, 3.84848663e+002, 3.59483521e+002,
       3.71274048e+002, 3.22312378e+002, 3.57487976e+002,
       2.83414124e+002, 3.43904297e+002, 2.44775024e+002,
       3.30474243e+002, 2.06310516e+002, 3.17312897e+002,
       1.67385590e+002, 3.03870392e+002, 1.28520615e+002,
       2.90627075e+002, 8.96020279e+001, 2.77069611e+002,
       4.06752502e+002, 3.46326843e+002, 3.71308594e+002,
